ImageResults_combined_t2.txt
# %ECSV 0.9
# ---
# datatype:
# - name: Filename
#   datatype: string
# - name: EL
#   datatype: float64
# - name: PA
#   datatype: float64
# - name: RotAng
#   datatype: float64
# - name: GuiderCoord
#   datatype: string
# - name: ImageCoord
#   datatype: string
# - name: OffsetDistance
#   datatype: float64
# - name: OffsetAngle
#   datatype: float64
# schema: astropy-2.0
Filename EL PA RotAng GuiderCoord ImageCoord OffsetDistance OffsetAngle
[from data line 109]
m190516_0051.fits 45.36788722 0.21994319 -175.89849076 "17:04:43.95 +64:34:37.47" "17:04:43.30 +64:27:53.83" 403.6623815782368 0.37493065870535247
m190516_0052.fits 45.31365272 45.2199904 -130.29514965 "17:04:43.95 +64:34:37.47" "17:03:59.33 +64:29:54.65" 403.4681318803141 0.19097886327574543
m190516_0053.fits 45.21559668 90.21985647 -84.74730954 "17:04:43.95 +64:34:37.47" "17:03:41.34 +64:34:40.54" 403.209864623559 0.0985801477404209
m190516_0054.fits 45.12219283 135.21997845 -39.21853814 "17:04:43.95 +64:34:37.47" "17:04:00.03 +64:39:24.52" 402.67802258525455 0.16369766944848152
m190516_0055.fits 45.08137265 180.21991697 6.22134414 "17:04:43.95 +64:34:37.47" "17:04:44.62 +64:41:20.20" 402.753086781496 0.3933635358583558
m190516_0057.fits 34.81530566 180.22000724 2.94886604 "17:16:23.02 +74:56:48.53" "17:16:24.09 +75:03:31.31" 402.8034334988387 0.3763499687711942
m190516_0058.fits 34.80925351 180.22001282 3.3845512 "17:16:23.02 +74:56:48.53" "17:16:24.07 +75:03:31.33" 402.82585727236597 0.36345820340011414
m190516_0059.fits 34.80816355 180.22004526 3.46104351 "17:16:23.02 +74:56:48.53" "17:16:24.12 +75:03:31.52" 403.0159870360622 0.3892217749708209
m190516_0060.fits 34.80455927 160.2199591 -16.08174023 "17:16:23.02 +74:56:48.53" "17:15:48.46 +75:03:08.25" 402.72684334375066 0.25328524733785684
m190516_0061.fits 34.81470406 140.22001462 -35.73198971 "17:16:23.02 +74:56:48.53" "17:15:17.03 +75:01:59.36" 402.90811226528234 0.13270500404968288
m190516_0062.fits 34.83380819 120.21986733 -55.31604943 "17:16:23.02 +74:56:48.53" "17:14:53.66 +75:00:12.48" 402.912945851175 0.011707618911600548
m190516_0063.fits 34.86054396 100.2199055 -74.94012341 "17:16:23.02 +74:56:48.53" "17:14:41.21 +74:58:00.92" 402.9102236365957 -0.07433294745396779
m190516_0064.fits 34.89098791 80.2200354 -94.59503922 "17:16:23.02 +74:56:48.53" "17:14:41.10 +74:55:40.93" 403.00965189668136 -0.08069471982463483
m190516_0065.fits 34.9203919 60.2199243 -114.26918682 "17:16:23.02 +74:56:48.53" "17:14:53.20 +74:53:28.93" 403.38951959111137 -0.057367725888155974
m190516_0066.fits 34.94437812 40.22007689 -133.95303044 "17:16:23.02 +74:56:48.53" "17:15:16.04 +74:51:41.02" 403.76268590204563 0.040270986388463825
m190516_0067.fits 34.9587323 20.22006095 -153.63182148 "17:16:23.02 +74:56:48.53" "17:15:46.86 +74:50:30.36" 403.7166301392319 0.19983454722316196
m190516_0068.fits 34.96115031 0.21997983 -173.31777939 "17:16:23.02 +74:56:48.53" "17:16:22.02 +74:50:04.44" 404.10897574861167 0.3311454961385607
m190516_0069.fits 34.94943113 -19.77994498 -192.97826275 "17:16:23.02 +74:56:48.53" "17:16:57.15 +74:50:27.35" 403.85490755841744 0.55432869588725
m190516_0070.fits 34.9253592 -39.7800957 -212.66367707 "17:16:23.02 +74:56:48.53" "17:17:28.38 +74:51:35.74" 403.7828163300959 0.6845237661062811
m190516_0071.fits 34.88972199 -59.77987937 -232.34877667 "17:16:23.02 +74:56:48.53" "17:17:51.85 +74:53:21.63" 403.73489597967324 0.7859146747154568
m190516_0072.fits 34.84476062 -79.78010997 -252.00330624 "17:16:23.02 +74:56:48.53" "17:18:04.83 +74:55:32.70" 404.07541772738796 0.8001280217739009
m190516_0073.fits 34.79532243 -99.77999883 -271.66092285 "17:16:23.02 +74:56:48.53" "17:18:05.24 +74:57:52.81" 403.17279061195484 0.8102856518458452
m190516_0074.fits 34.74545786 -119.78008487 -291.3050898 "17:16:23.02 +74:56:48.53" "17:17:53.51 +75:00:05.24" 403.15818834469667 0.7580072984992512
m190516_0075.fits 34.69845323 -139.78012242 -310.90731987 "17:16:23.02 +74:56:48.53" "17:17:30.71 +75:01:53.58" 402.7722007785739 0.6812243994722849
m190516_0076.fits 34.65944304 -159.78011228 -330.51718029 "17:16:23.02 +74:56:48.53" "17:16:59.64 +75:03:04.70" 402.14632408327697 0.5581188278022182
m190516_0077.fits 34.63218919 -179.78013938 -350.14836964 "17:16:23.02 +74:56:48.53" "17:16:24.11 +75:03:31.53" 403.0215789461001 0.38504381694031053
m190516_0079.fits 25.00125523 -179.77992235 -296.48086056 "13:56:05.75 +79:11:57.56" "13:56:07.33 +79:18:40.61" 403.0743031443204 0.4094437669505169
m190516_0080.fits 24.98979633 -159.77985583 -276.18939003 "13:56:05.75 +79:11:57.56" "13:56:56.84 +79:18:14.52" 403.1457699137606 0.6477055362660167
m190516_0081.fits 24.98147547 -139.77990211 -255.90201935 "13:56:05.75 +79:11:57.56" "13:57:40.21 +79:17:02.81" 403.9008749984788 0.8811869401786225
m190516_0082.fits 24.96730608 -119.78003941 -235.59561142 "13:56:05.75 +79:11:57.56" "13:58:11.72 +79:15:13.75" 404.0227456622114 0.9865653819810518
m190516_0083.fits 24.9491854 -99.77986509 -215.31177124 "13:56:05.75 +79:11:57.56" "13:58:27.81 +79:13:01.00" 403.9899123762748 1.0358468440776392
m190516_0084.fits 24.92066891 -79.77998024 -195.02969059 "13:56:05.75 +79:11:57.56" "13:58:26.77 +79:10:40.91" 404.11278005950106 1.001272151952719
m190516_0085.fits 24.87422434 -59.7800215 -174.71990952 "13:56:05.75 +79:11:57.56" "13:58:08.83 +79:08:30.39" 404.0230835178533 0.8792351377239811
m190516_0087.fits 24.74844762 -19.78005718 -134.1503838 "13:56:05.75 +79:11:57.56" "13:56:53.07 +79:05:36.75" 403.58137965270396 0.5373304189862438
m190516_0088.fits 24.66908225 0.22011136 -113.86900124 "13:56:05.75 +79:11:57.56" "13:56:04.44 +79:05:14.32" 403.2497368860379 0.30597860236761676
m190516_0089.fits 24.57827105 20.21992851 -93.55962357 "13:56:05.75 +79:11:57.56" "13:55:15.88 +79:05:39.96" 403.01262543988304 0.13648873676214635
m190516_0090.fits 24.49322529 40.220115 -73.29036316 "13:56:05.75 +79:11:57.56" "13:54:33.45 +79:06:50.72" 402.4725895889656 -0.08322067464138172
m190516_0091.fits 24.41457213 60.21999845 -53.04199967 "13:56:05.75 +79:11:57.56" "13:54:01.49 +79:08:37.88" 403.11396807252106 -0.1661059745947
m190516_0092.fits 24.34291521 80.22005456 -32.78584847 "13:56:05.75 +79:11:57.56" "13:53:44.59 +79:10:49.72" 402.89556269960275 -0.20181845926052233
m190516_0093.fits 24.28109265 100.2200004 -12.52949414 "13:56:05.75 +79:11:57.56" "13:53:44.68 +79:13:09.76" 402.71026411277927 -0.18011326323485832
m190516_0094.fits 24.22644959 120.2200132 7.76639095 "13:56:05.75 +79:11:57.56" "13:54:01.74 +79:15:21.07" 402.85246895513586 -0.13126906952339823
m190516_0095.fits 24.19529504 140.22011576 28.00395408 "13:56:05.75 +79:11:57.56" "13:54:34.13 +79:17:08.44" 403.0565499312892 0.06427069292115561
m190516_0096.fits 24.17617317 160.22002892 48.24870124 "13:56:05.75 +79:11:57.56" "13:55:17.73 +79:18:17.74" 403.2177374465377 0.21941767759656727
m190516_0097.fits 24.16247455 180.22000142 68.51259151 "13:56:05.75 +79:11:57.56" "13:56:07.35 +79:18:40.25" 402.7186420078141 0.41869356026418814
m190516_0098.fits 24.1446478 180.21997527 68.61406341 "13:56:05.75 +79:11:57.56" "13:56:07.39 +79:18:40.24" 402.7052865160376 0.4366670445365628
m190516_0099.fits 24.02673023 160.21988287 49.11522499 "13:56:05.75 +79:11:57.56" "13:55:17.77 +79:18:17.30" 402.76418784897606 0.2141808975035815
m190516_0100.fits 23.94574674 140.21985494 29.44960323 "13:56:05.75 +79:11:57.56" "13:54:34.13 +79:17:08.25" 402.9081805038475 0.046353700348277016
m190516_0101.fits 23.8789947 120.21990554 9.76955619 "13:56:05.75 +79:11:57.56" "13:54:01.74 +79:15:21.38" 403.0180072981995 -0.09273560676180637
m190516_0102.fits 23.82255026 100.21994846 -9.89918694 "13:56:05.75 +79:11:57.56" "13:53:44.84 +79:13:09.92" 402.29310629504135 -0.14639657305599485
m190516_0103.fits 23.78007466 80.21991175 -29.57483086 "13:56:05.75 +79:11:57.56" "13:53:44.59 +79:10:49.91" 402.8456628097355 -0.17608299088323065
m190516_0104.fits 23.86071478 -39.77995427 -148.93750653 "13:56:05.75 +79:11:57.56" "13:57:36.53 +79:06:44.14" 404.7938887370697 0.7038816611361653
m190516_0106.fits 44.87195517 -179.77986609 -337.09506115 "17:21:41.60 +63:21:09.83" "17:21:42.28 +63:27:52.65" 402.8437334509932 0.4300054876567856
m190516_0107.fits 44.85468827 -179.77991026 -336.96715626 "17:21:41.60 +63:21:09.83" "17:21:42.29 +63:27:52.71" 402.90749457365035 0.43865286589857533
m190516_0108.fits 44.82105043 -149.78012751 -306.49194607 "17:21:41.60 +63:21:09.83" "17:22:12.25 +63:26:56.79" 403.4223954796455 0.5152624054392732
m190516_0109.fits 44.80837387 -119.77990896 -276.03102383 "17:21:41.60 +63:21:09.83" "17:22:33.96 +63:24:26.83" 403.2649033442977 0.6357158023272405
m190516_0110.fits 44.79892523 -89.78011554 -245.55337891 "17:21:41.60 +63:21:09.83" "17:22:41.57 +63:21:04.47" 403.4753702506444 0.6530054663824671
m190516_0111.fits 44.77487695 -59.78005963 -215.04685482 "17:21:41.60 +63:21:09.83" "17:22:33.12 +63:17:43.33" 403.7194100089814 0.6392857992598806
m190516_0112.fits 44.72606774 -29.77996084 -184.54322037 "17:21:41.60 +63:21:09.83" "17:22:10.97 +63:15:17.99" 403.6802662975898 0.4767890465677169
m190516_0113.fits 44.647876 0.22005664 -154.05227742 "17:21:41.60 +63:21:09.83" "17:21:41.04 +63:14:26.24" 403.6122620771136 0.3212149062498213
m190516_0114.fits 44.53602737 30.22008394 -123.54145321 "17:21:41.60 +63:21:09.83" "17:21:11.21 +63:15:22.42" 403.2856158145283 0.24230667932562255
m190516_0115.fits 44.40999629 60.22003866 -93.08174118 "17:21:41.60 +63:21:09.83" "17:20:49.61 +63:17:51.31" 402.49915842000036 0.13049132713811673
m190516_0116.fits 44.28687274 90.22002077 -62.68238816 "17:21:41.60 +63:21:09.83" "17:20:41.69 +63:21:13.82" 403.08425765450465 0.23585842591981532
m190516_0117.fits 44.1392295 120.21997103 -32.07454953 "17:21:41.60 +63:21:09.83" "17:20:49.96 +63:24:34.37" 402.87918112474415 0.19423728517813288
m190516_0118.fits 44.0495755 150.22001093 -1.6866549 "17:21:41.60 +63:21:09.83" "17:21:12.15 +63:27:00.49" 402.6041652164749 0.29681357278388987
m190516_0119.fits 43.98904901 180.22003642 28.70358005 "17:21:41.60 +63:21:09.83" "17:21:42.23 +63:27:53.00" 403.19367868919574 0.37555546161041775
m190516_0120.fits 43.8738707 150.22002761 -0.6646603 "17:21:41.60 +63:21:09.83" "17:21:12.14 +63:27:00.51" 402.65130026929285 0.29148890536788485
m190516_0121.fits 43.79762073 120.21998438 -30.09972557 "17:21:41.60 +63:21:09.83" "17:20:49.97 +63:24:34.36" 402.7967637412754 0.19945973379077486
m190516_0122.fits 43.76006927 90.22010391 -59.63200268 "17:21:41.60 +63:21:09.83" "17:20:41.69 +63:21:13.79" 403.059355473204 0.23167123455641558
m190516_0123.fits 43.74222457 60.21994859 -89.21573243 "17:21:41.60 +63:21:09.83" "17:20:49.56 +63:17:51.09" 402.8813946718735 0.12589214580214048
m190516_0124.fits 43.60263635 90.21984362 -58.77986416 "17:21:41.60 +63:21:09.83" "17:20:41.71 +63:21:13.80" 402.92753493162206 0.2326210108642499
m190516_0125.fits 43.47853156 120.21996059 -28.36926445 "17:21:41.60 +63:21:09.83" "17:20:49.97 +63:24:34.34" 402.7803901727835 0.19757350123552442
m190516_0126.fits 43.37822813 150.21992736 2.04282299 "17:21:41.60 +63:21:09.83" "17:21:12.16 +63:27:00.53" 402.6202216264535 0.3057108455498394
m190516_0127.fits 43.31464478 180.22009725 32.41701046 "17:21:41.60 +63:21:09.83" "17:21:42.25 +63:27:52.92" 403.10743783476147 0.4003897630323934
m190516_0128.fits 43.21075715 150.22000383 2.90090957 "17:21:41.60 +63:21:09.83" "17:21:12.16 +63:27:00.66" 402.7081196157939 0.320595747217709
m190516_0129.fits 43.1465963 180.22005853 33.27143493 "17:21:41.60 +63:21:09.83" "17:21:42.26 +63:27:52.84" 403.03346629503875 0.40648232995803824
