ImageResults_20191019UT.txt
# %ECSV 0.9
# ---
# datatype:
# - name: Filename
#   datatype: string
# - name: EL
#   datatype: float64
# - name: PA
#   datatype: float64
# - name: RotAng
#   datatype: float64
# - name: GuiderCoord
#   datatype: string
# - name: ImageCoord
#   datatype: string
# - name: OffsetDistance
#   datatype: float64
# - name: OffsetAngle
#   datatype: float64
# schema: astropy-2.0
Filename EL PA RotAng GuiderCoord ImageCoord OffsetDistance OffsetAngle
m191019_0016.fits 45.21378239 -140.78008351 -359.50110802 "23:16:14.54 +59:50:27.59" "23:16:49.70 +59:54:38.27" 364.55285109 7.40048799594
m191019_0017.fits 45.36530655 -95.77998337 -314.11694702 "23:16:14.54 +59:50:27.59" "23:17:02.91 +59:50:17.35" 364.671860148 7.47714576557
m191019_0018.fits 45.543152 -50.77993767 -268.71400914 "23:16:14.54 +59:50:27.59" "23:16:47.82 +59:46:01.97" 365.47526988 7.45808466974
m191019_0019.fits 45.70560822 -5.7800919 -223.2685307 "23:16:14.54 +59:50:27.59" "23:16:13.27 +59:44:22.46" 365.263659939 7.2871502096
m191019_0020.fits 45.8208402 39.21999823 -177.77208313 "23:16:14.54 +59:50:27.59" "23:15:39.45 +59:46:15.50" 365.55659345 7.1182732011
m191019_0021.fits 45.87329764 84.22013752 -132.29379162 "23:16:14.54 +59:50:27.59" "23:15:26.11 +59:50:36.35" 365.04259732 7.06672847678
m191019_0022.fits 45.89163706 129.22017033 -86.86514172 "23:16:14.54 +59:50:27.59" "23:15:41.11 +59:54:52.14" 365.123132046 7.15081081998
m191019_0023.fits 45.92464431 174.22002788 -41.48350129 "23:16:14.54 +59:50:27.59" "23:16:15.81 +59:56:32.34" 364.868371258 7.27890719425
m191019_0024.fits 46.0138271 219.22020195 3.90154377 "23:16:14.54 +59:50:27.59" "23:16:49.70 +59:54:38.38" 364.593342944 7.38236343325
m191019_0025.fits 46.16191059 264.21998769 49.30357471 "23:16:14.54 +59:50:27.59" "23:17:02.93 +59:50:17.24" 364.820148661 7.4926991857
m191019_0026.fits 46.28894418 219.21991309 5.15424553 "23:16:14.54 +59:50:27.59" "23:16:49.72 +59:54:38.33" 364.669955543 7.40464971452
m191019_0028.fits 46.61322522 174.22014744 -38.25990948 "23:16:14.54 +59:50:27.59" "23:16:15.80 +59:56:32.06" 364.590021665 7.26612771718
m191019_0029.fits 46.78313407 129.2200636 -82.6621674 "23:16:14.54 +59:50:27.59" "23:15:41.15 +59:54:52.39" 365.115540571 7.20773171336
m191019_0030.fits 46.9614462 84.21995149 -127.15865025 "23:16:14.54 +59:50:27.59" "23:15:26.07 +59:50:36.11" 365.363452046 7.02920186295
m191019_0031.fits 47.11133297 39.21995705 -171.69380841 "23:16:14.54 +59:50:27.59" "23:15:39.46 +59:46:15.69" 365.385259616 7.13225417219
m191019_0032.fits 47.1954591 -5.7799667 -216.29553112 "23:16:14.54 +59:50:27.59" "23:16:13.23 +59:44:22.05" 365.673217825 7.33466683068
m191019_0033.fits 47.23507002 -50.78005295 -260.82513031 "23:16:14.54 +59:50:27.59" "23:16:47.82 +59:46:01.72" 365.66064837 7.48375951067
m191019_0034.fits 47.24726865 -95.77993462 -305.33170685 "23:16:14.54 +59:50:27.59" "23:17:02.90 +59:50:17.04" 364.586171898 7.52569218458
m191019_0035.fits 47.28439928 -140.7798438 -349.78964028 "23:16:14.54 +59:50:27.59" "23:16:49.71 +59:54:38.41" 364.690115963 7.38990776152
m191019_0036.fits 47.51401186 -95.78006925 -303.84337982 "23:16:14.54 +59:50:27.59" "23:17:02.94 +59:50:17.22" 364.88108307 7.4955380053
m191019_0037.fits 47.67716817 -50.78017625 -258.35043988 "23:16:14.54 +59:50:27.59" "23:16:47.78 +59:46:02.36" 364.982036673 7.45083496722
m191019_0038.fits 47.81101175 -5.77991243 -212.83703217 "23:16:14.54 +59:50:27.59" "23:16:13.23 +59:44:22.01" 365.713516597 7.3242792765
m191019_0039.fits 47.89205621 39.22019142 -167.27401146 "23:16:14.54 +59:50:27.59" "23:15:39.46 +59:46:15.55" 365.458953358 7.11247432806
m191019_0040.fits 47.93296487 84.2199724 -121.61648545 "23:16:14.54 +59:50:27.59" "23:15:26.10 +59:50:36.32" 365.185308528 7.06200707808
m191019_0041.fits 47.92995979 129.21997685 -76.1419104 "23:16:14.54 +59:50:27.59" "23:15:41.05 +59:54:51.45" 364.927846064 7.02465447511
m191019_0042.fits 47.9456545 174.22003847 -30.74159893 "23:16:14.54 +59:50:27.59" "23:16:15.82 +59:56:32.22" 364.752203292 7.28880857445
m191019_0043.fits 48.01590919 219.21998233 14.63571277 "23:16:14.54 +59:50:27.59" "23:16:49.64 +59:54:38.43" 364.304067464 7.32783384691
m191019_0044.fits 48.15258095 264.22002837 60.12059894 "23:16:14.54 +59:50:27.59" "23:17:02.93 +59:50:17.24" 364.791859602 7.4933036684
m191019_0045.fits 48.68191443 -205.78001644 -405.3689793 "23:16:14.54 +59:50:27.59" "23:15:59.15 +59:56:13.68" 364.954858367 7.2473699957
m191019_0046.fits 48.7295906 -160.7798998 -359.88015637 "23:16:14.54 +59:50:27.59" "23:16:36.18 +59:55:53.96" 364.731383765 7.3330804429
m191019_0047.fits 48.82774996 -115.78002907 -314.4471949 "23:16:14.54 +59:50:27.59" "23:17:00.48 +59:52:22.35" 364.589231407 7.51726526808
m191019_0048.fits 48.95728741 -70.78013202 -268.97882256 "23:16:14.54 +59:50:27.59" "23:16:57.85 +59:47:44.12" 365.230388582 7.4468584869
m191019_0049.fits 49.07471319 -25.77980604 -223.45631966 "23:16:14.54 +59:50:27.59" "23:16:29.84 +59:44:41.21" 365.125572958 7.36945462435
m191019_0050.fits 49.14107025 19.22001318 -177.88921055 "23:16:14.54 +59:50:27.59" "23:15:53.01 +59:45:00.27" 365.443376304 7.14356353217
m191019_0051.fits 49.15213855 64.22011111 -132.27953801 "23:16:14.54 +59:50:27.59" "23:15:28.64 +59:48:30.91" 365.221847967 7.06495905188
m191019_0052.fits 49.12436939 109.22008176 -86.75718102 "23:16:14.54 +59:50:27.59" "23:15:31.12 +59:53:09.73" 365.024277955 7.07285462309
m191019_0053.fits 49.10448245 154.22002319 -41.33515152 "23:16:14.54 +59:50:27.59" "23:15:59.13 +59:56:13.54" 364.885656986 7.21384593585
m191019_0054.fits 49.13554012 199.2199964 4.0678722 "23:16:14.54 +59:50:27.59" "23:16:36.22 +59:55:54.18" 365.079836641 7.36555387019
m191019_0055.fits 49.22191699 244.22005459 49.46176639 "23:16:14.54 +59:50:27.59" "23:17:00.48 +59:52:22.48" 364.590545429 7.49489921365
m191019_0056.fits 49.22860426 199.21999968 5.13449875 "23:16:14.54 +59:50:27.59" "23:16:36.17 +59:55:54.15" 364.857614856 7.30832088638
m191019_0057.fits 49.28068862 154.22032823 -39.28078541 "23:16:14.54 +59:50:27.59" "23:15:59.05 +59:56:12.97" 364.521830437 7.10175535096
m191019_0058.fits 49.38113033 109.21996324 -83.73358902 "23:16:14.54 +59:50:27.59" "23:15:31.11 +59:53:10.00" 365.169149195 7.10842819435
m191019_0059.fits 49.49761779 64.22017959 -128.20526966 "23:16:14.54 +59:50:27.59" "23:15:28.65 +59:48:30.89" 365.166578104 7.05901731745
m191019_0060.fits 49.58223761 19.22002718 -172.75899586 "23:16:14.54 +59:50:27.59" "23:15:52.97 +59:45:00.63" 365.254946108 7.21270219769
m191019_0061.fits 49.60619484 -25.7797172 -217.37291226 "23:16:14.54 +59:50:27.59" "23:16:29.87 +59:44:41.11" 365.286361546 7.34211509337
m191019_0062.fits 49.57711399 -70.77996708 -261.96178326 "23:16:14.54 +59:50:27.59" "23:16:57.83 +59:47:43.97" 365.157856545 7.47936997348
m191019_0063.fits 49.53159059 -115.77982659 -306.47095475 "23:16:14.54 +59:50:27.59" "23:17:00.47 +59:52:22.13" 364.447450898 7.54511061836
m191019_0064.fits 49.52040417 -160.77986957 -350.78056988 "23:16:14.54 +59:50:27.59" "23:16:36.24 +59:55:53.95" 364.917423232 7.39485466366
m191019_0065.fits 49.55670956 -205.77999568 -395.15315899 "23:16:14.54 +59:50:27.59" "23:15:59.09 +59:56:13.38" 364.806998188 7.1689187645
m191019_0066.fits 49.58131871 -160.78001301 -349.68232044 "23:16:14.54 +59:50:27.59" "23:16:36.19 +59:55:54.16" 364.960594339 7.3372212368
m191019_0067.fits 49.66471028 -115.77998334 -304.10929188 "23:16:14.54 +59:50:27.59" "23:17:00.47 +59:52:22.11" 364.426067108 7.54820248347
m191019_0068.fits 49.7665175 -70.77990865 -258.60266766 "23:16:14.54 +59:50:27.59" "23:16:57.84 +59:47:44.10" 365.143191749 7.45794510277
m191019_0069.fits 49.84631319 -25.77983647 -213.02169976 "23:16:14.54 +59:50:27.59" "23:16:29.83 +59:44:41.04" 365.267249072 7.38882579792
m191019_0070.fits 49.87169003 19.21999178 -167.35237774 "23:16:14.54 +59:50:27.59" "23:15:52.98 +59:45:00.37" 365.440619523 7.17798851835
m191019_0071.fits 49.83628506 64.22012167 -121.768895 "23:16:14.54 +59:50:27.59" "23:15:28.62 +59:48:30.82" 365.37969751 7.05966321552
m191019_0072.fits 49.77562102 109.22008193 -76.24174294 "23:16:14.54 +59:50:27.59" "23:15:31.12 +59:53:09.70" 364.984587367 7.07100545545
m191019_0073.fits 49.73494628 154.21999418 -30.81664929 "23:16:14.54 +59:50:27.59" "23:15:59.14 +59:56:13.13" 364.45224383 7.21192714964
m191019_0074.fits 49.75127523 199.22012194 14.68062225 "23:16:14.54 +59:50:27.59" "23:16:36.24 +59:55:53.93" 364.915007556 7.40144292786
m191019_0075.fits 49.82080909 244.21985719 60.1945993 "23:16:14.54 +59:50:27.59" "23:17:00.48 +59:52:22.24" 364.514835146 7.53020155593
m191019_0076.fits 33.50251509 283.21993686 45.66706863 "02:31:53.82 +67:28:25.39" "02:32:53.23 +67:26:16.83" 365.053807113 7.51271643666
m191019_0077.fits 33.58662048 238.21994104 1.12209716 "02:31:53.82 +67:28:25.39" "02:32:51.76 +67:30:56.04" 365.190028049 7.5281409406
m191019_0078.fits 33.71470731 193.2202444 -43.45960698 "02:31:53.82 +67:28:25.39" "02:32:16.21 +67:34:07.04" 364.987794695 7.42306155159
m191019_0079.fits 33.8877842 148.22024242 -88.06621918 "02:31:53.82 +67:28:25.39" "02:31:27.42 +67:33:57.23" 364.751982934 7.20484837291
m191019_0080.fits 34.07820962 103.21997125 -132.68933377 "02:31:53.82 +67:28:25.39" "02:30:54.21 +67:30:32.30" 365.038421284 7.01017644404
m191019_0081.fits 34.22572371 58.22008384 -177.37760243 "02:31:53.82 +67:28:25.39" "02:30:56.15 +67:25:53.04" 364.981431424 6.99731225657
m191019_0082.fits 34.31478968 13.22006982 -222.07287487 "02:31:53.82 +67:28:25.39" "02:31:31.67 +67:22:42.45" 365.867376106 7.13152271867
m191019_0083.fits 34.35821434 -31.78003069 -266.72969231 "02:31:53.82 +67:28:25.39" "02:32:20.02 +67:22:52.84" 365.180879853 7.42324349143
m191019_0084.fits 34.39212925 -76.7798974 -311.34316239 "02:31:53.82 +67:28:25.39" "02:32:53.26 +67:26:16.81" 365.255243136 7.50412031202
m191019_0085.fits 34.45204728 -121.77999763 -355.93971524 "02:31:53.82 +67:28:25.39" "02:32:51.75 +67:30:55.83" 365.045097349 7.55350692239
m191019_0086.fits 34.57820467 -166.77994291 -400.49574742 "02:31:53.82 +67:28:25.39" "02:32:16.17 +67:34:06.81" 364.692905714 7.40001091721
m191019_0087.fits 34.74797743 -121.78004842 -354.90011677 "02:31:53.82 +67:28:25.39" "02:32:51.72 +67:30:55.80" 364.875568254 7.54663579544
m191019_0088.fits 34.89882405 -76.77981854 -309.57078442 "02:31:53.82 +67:28:25.39" "02:32:53.25 +67:26:16.91" 365.162797891 7.49364818147
m191019_0089.fits 35.11258328 -31.77990288 -264.08624443 "02:31:53.82 +67:28:25.39" "02:32:20.05 +67:22:53.05" 365.055151443 7.38539522622
m191019_0090.fits 35.28828086 13.22004821 -218.64623913 "02:31:53.82 +67:28:25.39" "02:31:31.69 +67:22:42.41" 365.880163369 7.11877921245
m191019_0091.fits 35.40509416 58.21990797 -173.20189938 "02:31:53.82 +67:28:25.39" "02:30:56.13 +67:25:52.89" 365.172429463 6.98618476522
m191019_0092.fits 35.45916139 103.22013123 -127.7830542 "02:31:53.82 +67:28:25.39" "02:30:54.25 +67:30:32.29" 364.840044465 7.01935309343
m191019_0093.fits 35.49064741 148.22010287 -82.37136444 "02:31:53.82 +67:28:25.39" "02:31:27.42 +67:33:57.04" 364.570655608 7.19463606126
m191019_0094.fits 35.53296429 193.22011399 -37.02294907 "02:31:53.82 +67:28:25.39" "02:32:16.18 +67:34:07.07" 364.961884646 7.39822453591
m191019_0095.fits 35.64000829 238.21984108 8.35861412 "02:31:53.82 +67:28:25.39" "02:32:51.78 +67:30:56.07" 365.30722919 7.52996543314
m191019_0096.fits 35.80209982 283.22012259 53.7423059 "02:31:53.82 +67:28:25.39" "02:32:53.23 +67:26:16.89" 365.046663379 7.50352320779
m191019_0097.fits 35.89248851 238.2200523 9.32010379 "02:31:53.82 +67:28:25.39" "02:32:51.77 +67:30:56.09" 365.265147082 7.52421839176
m191019_0098.fits 36.00416893 193.22011277 -35.21651062 "02:31:53.82 +67:28:25.39" "02:32:16.16 +67:34:06.79" 364.663187753 7.39838390908
m191019_0099.fits 36.17553556 148.22000888 -79.73955235 "02:31:53.82 +67:28:25.39" "02:31:27.46 +67:33:57.51" 364.894340603 7.26042273826
m191019_0100.fits 36.35260624 103.21992876 -124.34575257 "02:31:53.82 +67:28:25.39" "02:30:54.28 +67:30:32.38" 364.711437835 7.04226578251
m191019_0101.fits 36.5087114 58.21989227 -168.97394261 "02:31:53.82 +67:28:25.39" "02:30:56.15 +67:25:52.98" 365.028074928 6.99125615973
m191019_0102.fits 36.60385471 13.2202811 -213.62853417 "02:31:53.82 +67:28:25.39" "02:31:31.77 +67:22:42.27" 365.842444357 7.03999092729
m191019_0103.fits 36.64270187 -31.77978469 -258.28156361 "02:31:53.82 +67:28:25.39" "02:32:20.11 +67:22:52.99" 365.240194426 7.34625141966
m191019_0104.fits 36.66920321 -76.77989052 -302.86097893 "02:31:53.82 +67:28:25.39" "02:32:53.19 +67:26:16.66" 364.920737955 7.54943229036
m191019_0105.fits 36.70930629 -121.78010283 -347.43703827 "02:31:53.82 +67:28:25.39" "02:32:51.73 +67:30:55.72" 364.894938036 7.56123288538
m191019_0106.fits 36.80544159 -166.78007157 -391.99001202 "02:31:53.82 +67:28:25.39" "02:32:16.16 +67:34:07.07" 364.920957041 7.38014746102
m191019_0108.fits 60.26024325 -197.77987435 -403.65147862 "01:04:03.25 +47:22:21.51" "01:03:56.67 +47:28:20.18" 364.828211663 7.22640271829
m191019_0109.fits 60.35983878 -197.78002715 -403.03332314 "01:04:03.25 +47:22:21.51" "01:03:56.67 +47:28:20.25" 364.898428916 7.22607969606
m191019_0110.fits 60.46784183 -152.77991184 -357.36566338 "01:04:03.25 +47:22:21.51" "01:04:23.64 +47:27:22.07" 364.924890652 7.36258760364
m191019_0111.fits 60.62609407 -107.78002904 -311.7169579 "01:04:03.25 +47:22:21.51" "01:04:38.57 +47:23:27.70" 364.835286084 7.382060301
m191019_0112.fits 60.83465901 -62.77985477 -265.82938275 "01:04:03.25 +47:22:21.51" "01:04:32.82 +47:18:54.52" 364.960963521 7.37702781084
m191019_0113.fits 61.00783541 -17.77992221 -219.95637307 "01:04:03.25 +47:22:21.51" "01:04:09.74 +47:16:22.46" 365.081501251 7.36544089725
m191019_0114.fits 61.11833701 27.21999724 -174.07453999 "01:04:03.25 +47:22:21.51" "01:03:42.91 +47:17:20.21" 365.436510167 7.21030215488
m191019_0115.fits 61.16915238 72.22009738 -128.1860579 "01:04:03.25 +47:22:21.51" "01:03:27.92 +47:21:14.52" 365.096968201 7.15303960077
m191019_0116.fits 61.18892995 117.22006633 -82.36615738 "01:04:03.25 +47:22:21.51" "01:03:33.59 +47:25:47.81" 365.030838921 7.14744801845
m191019_0117.fits 61.2125263 162.22017776 -36.72807774 "01:04:03.25 +47:22:21.51" "01:03:56.67 +47:28:20.15" 364.794302169 7.22849426004
m191019_0118.fits 61.28112732 207.22009796 8.80650154 "01:04:03.25 +47:22:21.51" "01:04:23.63 +47:27:22.04" 364.875294577 7.35972629879
m191019_0119.fits 61.41130559 252.22004928 54.43688789 "01:04:03.25 +47:22:21.51" "01:04:38.58 +47:23:27.73" 364.874155182 7.37810983368
m191019_0120.fits 61.47598853 207.22011283 10.66061035 "01:04:03.25 +47:22:21.51" "01:04:23.64 +47:27:22.06" 364.933916199 7.36859776615
m191019_0121.fits 61.55198209 162.22019101 -33.44509968 "01:04:03.25 +47:22:21.51" "01:03:56.68 +47:28:20.18" 364.812253151 7.23659267075
m191019_0122.fits 61.67681369 117.22017797 -77.58810315 "01:04:03.25 +47:22:21.51" "01:03:33.60 +47:25:47.89" 364.938945164 7.17170619165
m191019_0123.fits 61.81441144 72.22025404 -121.88147911 "01:04:03.25 +47:22:21.51" "01:03:27.92 +47:21:14.47" 365.113662702 7.14472438467
m191019_0124.fits 61.92791944 27.21996056 -166.24578842 "01:04:03.25 +47:22:21.51" "01:03:42.91 +47:17:20.36" 365.275486645 7.21667342008
m191019_0125.fits 61.99655973 -17.78011114 -210.49132237 "01:04:03.25 +47:22:21.51" "01:04:09.68 +47:16:22.32" 365.097442638 7.47278007725
m191019_0126.fits 61.99384807 -62.77992915 -254.88389859 "01:04:03.25 +47:22:21.51" "01:04:32.83 +47:18:54.18" 365.19539635 7.41620967767
m191019_0127.fits 61.96826512 -107.77985298 -299.13336643 "01:04:03.25 +47:22:21.51" "01:04:38.58 +47:23:27.62" 364.917505294 7.39714334457
m191019_0128.fits 61.95605809 -152.77993704 -343.34177288 "01:04:03.25 +47:22:21.51" "01:04:23.64 +47:27:22.16" 365.008658448 7.35609397076
m191019_0129.fits 61.99710665 -197.7798279 -387.4287661 "01:04:03.25 +47:22:21.51" "01:03:56.69 +47:28:20.15" 364.763023565 7.25939555621
m191019_0130.fits 74.96247342 -202.78152068 -404.07071862 "01:13:07.03 +33:47:03.69" "01:12:59.16 +33:52:55.58" 365.275807224 7.21666140585
m191019_0131.fits 75.05412547 -157.78003068 -358.06144699 "01:13:07.03 +33:47:03.69" "01:13:21.47 +33:52:21.52" 365.240419911 7.3149136395
m191019_0132.fits 75.251168 -112.78001826 -311.32526383 "01:13:07.03 +33:47:03.69" "01:13:35.25 +33:48:41.26" 365.04237705 7.31020689203
m191019_0133.fits 75.41423224 -67.77964908 -265.14862522 "01:13:07.03 +33:47:03.69" "01:13:32.47 +33:44:03.85" 364.763234327 7.34941735544
