ImageResults_20190515UT_t0.txt
# %ECSV 0.9
# ---
# datatype:
# - name: Filename
#   datatype: string
# - name: EL
#   datatype: float64
# - name: PA
#   datatype: float64
# - name: RotAng
#   datatype: float64
# - name: GuiderCoord
#   datatype: string
# - name: ImageCoord
#   datatype: string
# - name: OffsetDistance
#   datatype: float64
# - name: OffsetAngle
#   datatype: float64
# schema: astropy-2.0
Filename EL PA RotAng GuiderCoord ImageCoord OffsetDistance OffsetAngle
m190515_0009.fits 30.2342282 -179.78003287 -358.36242947 "17:33:17.97 +79:32:15.96" "17:33:19.56 +79:38:58.83" 402.89352844310633 0.3980372052142229
m190515_0010.fits 30.23098057 -179.77998347 -357.8939999 "17:33:17.97 +79:32:15.96" "17:33:19.58 +79:38:58.64" 402.70246886093923 0.4059554259804372
m190515_0011.fits 30.23252948 -134.78006606 -309.67423043 "17:33:17.97 +79:32:15.96" "17:35:04.67 +79:36:56.29" 403.0423052902601 0.9285943891404713
m190515_0012.fits 30.21857488 -134.77994646 -308.84242806 "17:33:17.97 +79:32:15.96" "17:35:04.34 +79:36:56.64" 402.64050877794534 0.803490065704807
m190515_0013.fits 30.28751459 -89.78011476 -263.13491711 "17:33:17.97 +79:32:15.96" "17:35:46.00 +79:32:09.44" 403.3087978005524 1.0097793146440495
m190515_0014.fits 30.34665696 -44.78018196 -217.44030937 "17:33:17.97 +79:32:15.96" "17:35:00.87 +79:27:26.08" 403.9704930580233 0.8458022886059666
m190515_0015.fits 30.34968694 0.22005892 -171.69806275 "17:33:17.97 +79:32:15.96" "17:33:16.49 +79:25:32.39" 403.58340686775523 0.3498392112815054
m190515_0016.fits 30.28794119 45.22000347 -126.07168469 "17:33:17.97 +79:32:15.96" "17:31:32.82 +79:27:33.12" 403.2689882883755 0.028839766390092336
m190515_0017.fits 30.18801106 90.22001799 -80.51575074 "17:33:17.97 +79:32:15.96" "17:30:49.94 +79:32:17.68" 403.19767339225433 -0.2783954597941829
m190515_0018.fits 30.17766972 90.2200348 -80.18435559 "17:33:17.97 +79:32:15.96" "17:30:49.95 +79:32:17.80" 403.16035505641855 -0.26071717517226034
m190515_0019.fits 30.09068745 135.21991245 -34.71091637 "17:33:17.97 +79:32:15.96" "17:31:33.72 +79:37:02.64" 402.7522648632793 -0.052429486078153786
m190515_0020.fits 30.05689264 180.21994988 10.79396835 "17:33:17.97 +79:32:15.96" "17:33:19.56 +79:38:58.84" 402.90778357348825 0.39887000365507674
m190515_0021.fits 40.00589122 180.2200629 3.21220604 "18:04:58.80 +69:42:53.15" "18:04:59.65 +69:49:36.04" 402.9148407697035 0.4098671505815048
m190515_0022.fits 40.02160696 135.21996616 -41.1816977 "18:04:58.80 +69:42:53.15" "18:04:04.38 +69:47:40.39" 402.88115419540014 0.15016767359514915
m190515_0023.fits 40.08221055 90.22002234 -85.50174698 "18:04:58.80 +69:42:53.15" "18:03:41.25 +69:42:55.79" 403.2944012698396 0.003767104692826706
m190515_0024.fits 40.14964385 45.21996897 -129.96750817 "18:04:58.80 +69:42:53.15" "18:04:03.61 +69:38:09.82" 403.67639753988055 0.09489748299290568
m190515_0025.fits 40.17497798 0.22010094 -174.45267853 "18:04:58.80 +69:42:53.15" "18:04:58.03 +69:36:09.52" 403.65819335195863 0.35325657552363054
m190515_0026.fits 40.13370317 -44.77991631 -218.8963097 "18:04:58.80 +69:42:53.15" "18:05:52.89 +69:38:03.80" 403.89635094274314 0.6440348582798379
m190515_0027.fits 40.04008766 -89.78004217 -263.30654702 "18:04:58.80 +69:42:53.15" "18:06:16.37 +69:42:47.50" 403.4511716844751 0.7342550302401492
m190515_0028.fits 39.92006499 -134.77995397 -307.24413761 "18:04:58.80 +69:42:53.15" "18:05:54.41 +69:47:34.50" 403.0831151210324 0.6222905428344347
m190515_0029.fits 39.827496 -179.7798942 -351.05732807 "18:04:58.80 +69:42:53.15" "18:04:59.63 +69:49:36.16" 403.0289651294996 0.39093864093314323
m190515_0030.fits 50.08554132 -179.77994001 -357.89489254 "18:31:15.69 +59:37:28.47" "18:31:16.22 +59:44:11.44" 402.99121594359593 0.35426350348888036
m190515_0031.fits 50.11249094 -134.78008605 -312.27704033 "18:31:15.69 +59:37:28.47" "18:31:53.75 +59:42:10.27" 403.18079306321687 0.5062737788674667
m190515_0032.fits 50.18013969 -89.77995245 -266.58610901 "18:31:15.69 +59:37:28.47" "18:32:08.83 +59:37:23.14" 403.110985444212 0.6318246394000653
m190515_0033.fits 50.23984811 -44.77998744 -220.83988842 "18:31:15.69 +59:37:28.47" "18:31:52.82 +59:32:39.58" 403.67517136179606 0.5418450794575165
m190515_0034.fits 50.24515278 0.21989633 -175.05450329 "18:31:15.69 +59:37:28.47" "18:31:15.16 +59:30:44.74" 403.74166454785956 0.3540956775699442
m190515_0035.fits 50.18171955 45.21998917 -129.31227669 "18:31:15.69 +59:37:28.47" "18:30:37.78 +59:32:45.66" 403.56563026912227 0.22321157977353323
m190515_0036.fits 50.07444032 90.21988089 -83.64051709 "18:31:15.69 +59:37:28.47" "18:30:22.49 +59:37:32.02" 403.5106112144578 0.18985726896397637
m190515_0037.fits 49.9716609 135.22000499 -38.00549874 "18:31:15.69 +59:37:28.47" "18:30:38.38 +59:42:15.86" 403.0767337673936 0.19225114005476485
m190515_0038.fits 49.91921427 180.21990231 7.59936729 "18:31:15.69 +59:37:28.47" "18:31:16.21 +59:44:11.66" 403.2179901852671 0.3423530094045759
m190515_0039.fits 60.1325831 180.21996618 1.82805172 "18:50:14.65 +49:33:42.29" "18:50:15.08 +49:40:25.61" 403.3384034864314 0.374434566018806
m190515_0040.fits 60.14858744 135.21992764 -42.23850235 "18:50:14.65 +49:33:42.29" "18:49:45.63 +49:38:30.22" 403.094847318339 0.3194619951453035
m190515_0041.fits 60.20702264 90.21994111 -86.31889519 "18:50:14.65 +49:33:42.29" "18:49:33.16 +49:33:45.49" 403.72210142565325 0.16788270901980695
m190515_0042.fits 60.2706998 45.22013604 -130.65986714 "18:50:14.65 +49:33:42.29" "18:49:45.10 +49:28:59.54" 403.4526553602208 0.23910451452107395
m190515_0043.fits 60.28959592 0.22004188 -175.03948292 "18:50:14.65 +49:33:42.29" "18:50:14.26 +49:26:58.87" 403.4321512136484 0.32160511938835157
m190515_0044.fits 60.24056366 -44.78013707 -219.39314923 "18:50:14.65 +49:33:42.29" "18:50:43.63 +49:28:53.93" 403.44851786004574 0.44828459377237095
m190515_0045.fits 60.14002601 -89.77985164 -263.73362049 "18:50:14.65 +49:33:42.29" "18:50:56.17 +49:33:37.37" 403.9592998122118 0.54358281580636
m190515_0046.fits 60.02609127 -134.78010423 -307.91903576 "18:50:14.65 +49:33:42.29" "18:50:44.31 +49:38:24.20" 403.24761995507856 0.4716082510427668
m190515_0047.fits 59.94778177 -179.77997313 -352.04960808 "18:50:14.65 +49:33:42.29" "18:50:15.09 +49:40:25.52" 403.2515172937293 0.3790276809623947
m190515_0048.fits 69.79709159 -179.78002669 -357.65545353 "19:05:40.38 +39:52:34.82" "19:05:40.74 +39:59:18.09" 403.2945920613292 0.3641299312791375
m190515_0049.fits 69.81800132 -134.78003691 -311.65268502 "19:05:40.38 +39:52:34.82" "19:06:05.41 +39:57:16.70" 402.99217100135525 0.42843002015007414
m190515_0050.fits 69.81400922 -134.78004779 -311.42529377 "19:05:40.38 +39:52:34.82" "19:06:05.42 +39:57:16.66" 402.9803733699312 0.4356004497677759
m190515_0051.fits 69.80996038 -134.78006192 -311.20361313 "19:05:40.38 +39:52:34.82" "19:06:05.44 +39:57:17.20" 403.5692609602635 0.4093266492016596
m190515_0052.fits 69.86748909 -89.78006402 -265.14448246 "19:05:40.38 +39:52:34.82" "19:06:15.43 +39:52:30.73" 403.4997867200306 0.4072621362936957
m190515_0053.fits 69.86164516 -89.78007533 -264.90562996 "19:05:40.38 +39:52:34.82" "19:06:15.42 +39:52:30.42" 403.33220740446706 0.4511991629664749
m190515_0054.fits 69.85564382 -89.78008404 -264.67195305 "19:05:40.38 +39:52:34.82" "19:06:15.41 +39:52:30.55" 403.20958340211644 0.4332726380359304
m190515_0055.fits 69.89744985 -44.78004649 -218.45839867 "19:05:40.38 +39:52:34.82" "19:06:04.87 +39:47:46.59" 403.2890193000027 0.42963590303259025
m190515_0056.fits 69.88980725 -44.78009727 -218.22480473 "19:05:40.38 +39:52:34.82" "19:06:04.86 +39:47:46.53" 403.2868624590627 0.4431807646486732
m190515_0057.fits 69.88167286 -44.78013002 -217.99208054 "19:05:40.38 +39:52:34.82" "19:06:04.89 +39:47:46.38" 403.57719762316833 0.4313880783813602
m190515_0058.fits 69.8556628 0.22000217 -171.56173786 "19:05:40.38 +39:52:34.82" "19:05:40.06 +39:45:51.67" 403.1661361387656 0.31139796675708453
m190515_0059.fits 69.84527752 0.21991602 -171.31830201 "19:05:40.38 +39:52:34.82" "19:05:40.07 +39:45:51.10" 403.7306274109122 0.2914052161755478
m190515_0060.fits 69.8353722 0.22002314 -171.09187493 "19:05:40.38 +39:52:34.82" "19:05:40.06 +39:45:51.24" 403.5911368937867 0.2965877974681348
m190515_0061.fits 69.72558274 45.21993332 -124.60747609 "19:05:40.38 +39:52:34.82" "19:05:15.45 +39:47:52.22" 402.85972664352846 0.20074170388812718
m190515_0062.fits 69.71310922 45.21992127 -124.37192807 "19:05:40.38 +39:52:34.82" "19:05:15.44 +39:47:52.23" 402.98576329733066 0.22146087019700644
m190515_0063.fits 69.70066834 45.2198802 -124.14239106 "19:05:40.38 +39:52:34.82" "19:05:15.44 +39:47:52.13" 403.028046658234 0.20735460553035523
m190515_0064.fits 69.54131431 90.2198309 -77.8223637 "19:05:40.38 +39:52:34.82" "19:05:05.34 +39:52:38.51" 403.4357459145767 0.2578819000231647
m190515_0065.fits 69.52785268 90.21992526 -77.60619339 "19:05:40.38 +39:52:34.82" "19:05:05.32 +39:52:38.52" 403.57058178335507 0.2596934530670296
m190515_0066.fits 69.51342505 90.21991953 -77.37964043 "19:05:40.38 +39:52:34.82" "19:05:05.32 +39:52:38.50" 403.5739699438735 0.2557778083944129
m190515_0067.fits 69.32711447 135.22018939 -30.79907116 "19:05:40.38 +39:52:34.82" "19:05:15.85 +39:57:22.88" 403.26113230557235 0.33504075661113575
m190515_0068.fits 69.31069886 135.22018795 -30.57551655 "19:05:40.38 +39:52:34.82" "19:05:15.81 +39:57:22.24" 403.15742266769763 0.22138646724891942
m190515_0069.fits 69.29444241 135.220112 -30.35792145 "19:05:40.38 +39:52:34.82" "19:05:15.81 +39:57:22.92" 403.65714827365736 0.286523958696705
m190515_0070.fits 69.20004175 180.2198695 15.51227584 "19:05:40.38 +39:52:34.82" "19:05:40.75 +39:59:18.03" 403.2372460172326 0.38139936718712875
m190515_0071.fits 69.18219617 180.21998923 15.73332992 "19:05:40.38 +39:52:34.82" "19:05:40.73 +39:59:17.86" 403.06540077701396 0.34993867016746094
m190515_0072.fits 69.16454589 180.21985924 15.94315448 "19:05:40.38 +39:52:34.82" "19:05:40.73 +39:59:17.96" 403.1655843549401 0.35991423942149936
m190515_0075.fits 79.77591587 180.21977701 3.32732502 "19:29:38.67 +29:52:28.33" "19:29:38.98 +29:59:11.51" 403.19452409144515 0.3579798177951261
m190515_0076.fits 79.74726497 135.21990094 -37.82003006 "19:29:38.67 +29:52:28.33" "19:29:16.93 +29:57:15.67" 403.1015854315799 0.221589550809
m190515_0077.fits 79.7560374 90.21978706 -80.04826817 "19:29:38.67 +29:52:28.33" "19:29:07.66 +29:52:32.21" 403.38467794073364 0.29879544390388446
m190515_0078.fits 79.77363533 45.22001734 -123.05895027 "19:29:38.67 +29:52:28.33" "19:29:16.55 +29:47:46.35" 402.9831280464152 0.3505163512271565
m190515_0079.fits 79.73885679 0.22005429 -166.18690285 "19:29:38.67 +29:52:28.33" "19:29:38.38 +29:45:44.91" 403.44178944607097 0.3172107926122578
m190515_0080.fits 79.62518226 -44.78011259 -209.2942532 "19:29:38.67 +29:52:28.33" "19:30:00.39 +29:47:40.21" 403.5520535684053 0.36058063037074817
m190515_0082.fits 79.24510394 -134.77990542 -295.32286438 "19:29:38.67 +29:52:28.33" "19:30:00.87 +29:57:10.96" 403.9456420527984 0.402024405376892
m190515_0083.fits 79.06419915 -179.77999676 -338.1660622 "19:29:38.67 +29:52:28.33" "19:29:38.97 +29:59:11.19" 402.87547073286385 0.3313721218439696
m190515_0084.fits 39.65352073 -179.77996505 -354.7858561 "19:32:31.13 +69:59:12.24" "19:32:31.98 +70:05:54.86" 402.64187878905307 0.4015362310559567
m190515_0085.fits 39.68037441 -134.77999643 -309.30230603 "19:32:31.13 +69:59:12.24" "19:33:27.45 +70:03:53.68" 403.1249974210803 0.6130337032767557
m190515_0086.fits 39.74807763 -89.7800354 -263.81388363 "19:32:31.13 +69:59:12.24" "19:33:49.60 +69:59:06.58" 402.9232063013585 0.7387073447231387
m190515_0087.fits 39.8044895 -44.78007932 -218.22908196 "19:32:31.13 +69:59:12.24" "19:33:25.92 +69:54:22.99" 403.83990375254797 0.6339645309575417
m190515_0088.fits 39.80693299 0.22003167 -172.6368731 "19:32:31.13 +69:59:12.24" "19:32:30.26 +69:52:28.77" 403.5005275881145 0.41072613204298136
m190515_0089.fits 39.74294438 45.21995587 -127.07861313 "19:32:31.13 +69:59:12.24" "19:31:35.23 +69:54:29.58" 403.1554568692411 0.1525874454912639
m190515_0090.fits 39.63735211 90.21986006 -81.53558812 "19:32:31.13 +69:59:12.24" "19:31:12.59 +69:59:15.34" 403.15680547153255 0.06614926491891993
m190515_0091.fits 39.54250003 135.22005421 -36.06458077 "19:32:31.13 +69:59:12.24" "19:31:36.00 +70:03:59.53" 402.8782374529748 0.15930934426305043
m190515_0092.fits 39.49754494 180.22001452 9.45121589 "19:32:31.13 +69:59:12.24" "19:32:31.91 +70:05:55.11" 402.88404639290854 0.3558783200917617
