ImageResults_combined_t2.txt
# %ECSV 0.9
# ---
# datatype:
# - name: Filename
#   datatype: string
# - name: EL
#   datatype: float64
# - name: PA
#   datatype: float64
# - name: RotAng
#   datatype: float64
# - name: GuiderCoord
#   datatype: string
# - name: ImageCoord
#   datatype: string
# - name: OffsetDistance
#   datatype: float64
# - name: OffsetAngle
#   datatype: float64
# schema: astropy-2.0
Filename EL PA RotAng GuiderCoord ImageCoord OffsetDistance OffsetAngle
m190515_0009.fits 30.2342282 -179.78003287 -358.36242947 "17:33:17.97 +79:32:15.96" "17:33:19.56 +79:38:58.59" 402.660004128959 0.3980755464134518
m190515_0010.fits 30.23098057 -179.77998347 -357.8939999 "17:33:17.97 +79:32:15.96" "17:33:19.58 +79:38:58.46" 402.526566710174 0.4051792417509432
m190515_0011.fits 30.23252948 -134.78006606 -309.67423043 "17:33:17.97 +79:32:15.96" "17:35:04.63 +79:36:56.37" 403.0131583456547 0.9078873206786966
m190515_0012.fits 30.21857488 -134.77994646 -308.84242806 "17:33:17.97 +79:32:15.96" "17:35:04.48 +79:36:56.63" 402.9016038712465 0.8408907906349441
m190515_0013.fits 30.28751459 -89.78011476 -263.13491711 "17:33:17.97 +79:32:15.96" "17:35:46.03 +79:32:08.19" 403.4193739087962 1.186544721941516
m190515_0014.fits 30.34665696 -44.78018196 -217.44030937 "17:33:17.97 +79:32:15.96" "17:35:00.89 +79:27:26.22" 403.90907041601923 0.8257520739469442
m190515_0015.fits 30.34968694 0.22005892 -171.69806275 "17:33:17.97 +79:32:15.96" "17:33:16.49 +79:25:32.36" 403.6183433523727 0.35125644927887834
m190515_0016.fits 30.28794119 45.22000347 -126.07168469 "17:33:17.97 +79:32:15.96" "17:31:32.99 +79:27:32.30" 403.51047924228544 -0.10040135271395911
m190515_0017.fits 30.18801106 90.22001799 -80.51575074 "17:33:17.97 +79:32:15.96" "17:30:50.01 +79:32:17.70" 402.98355922347065 -0.27532484830339854
m190515_0018.fits 30.17766972 90.2200348 -80.18435559 "17:33:17.97 +79:32:15.96" "17:30:50.01 +79:32:17.81" 402.9970698986373 -0.2592446581105037
m190515_0019.fits 30.09068745 135.21991245 -34.71091637 "17:33:17.97 +79:32:15.96" "17:31:33.63 +79:37:01.89" 402.3816764731901 -0.149633087740483
m190515_0020.fits 30.05689264 180.21994988 10.79396835 "17:33:17.97 +79:32:15.96" "17:33:19.58 +79:38:58.63" 402.69293282441527 0.404223275947885
m190515_0021.fits 40.00589122 180.2200629 3.21220604 "18:04:58.80 +69:42:53.15" "18:04:59.64 +69:49:35.98" 402.85442502288475 0.3960386250685701
m190515_0022.fits 40.02160696 135.21996616 -41.1816977 "18:04:58.80 +69:42:53.15" "18:04:04.37 +69:47:40.72" 403.1295000743961 0.18058810309358364
m190515_0023.fits 40.08221055 90.22002234 -85.50174698 "18:04:58.80 +69:42:53.15" "18:03:41.27 +69:42:55.79" 403.21557547522036 0.0032349865148262325
m190515_0024.fits 40.14964385 45.21996897 -129.96750817 "18:04:58.80 +69:42:53.15" "18:04:03.64 +69:38:09.92" 403.5312503065562 0.09317911217709707
m190515_0025.fits 40.17497798 0.22010094 -174.45267853 "18:04:58.80 +69:42:53.15" "18:04:58.04 +69:36:09.34" 403.82878707052254 0.3448895334676081
m190515_0026.fits 40.13370317 -44.77991631 -218.8963097 "18:04:58.80 +69:42:53.15" "18:05:52.90 +69:38:03.86" 403.91309135076665 0.6297182552802383
m190515_0027.fits 40.04008766 -89.78004217 -263.30654702 "18:04:58.80 +69:42:53.15" "18:06:16.37 +69:42:47.63" 403.43586241777274 0.7162131616148031
m190515_0028.fits 39.92006499 -134.77995397 -307.24413761 "18:04:58.80 +69:42:53.15" "18:05:54.42 +69:47:34.45" 403.0744693114534 0.6309539320599242
m190515_0029.fits 39.827496 -179.7798942 -351.05732807 "18:04:58.80 +69:42:53.15" "18:04:59.61 +69:49:36.11" 402.98039903663476 0.37833037545954085
m190515_0030.fits 50.08554132 -179.77994001 -357.89489254 "18:31:15.69 +59:37:28.47" "18:31:16.23 +59:44:11.34" 402.8994314761304 0.35964913355883255
m190515_0031.fits 50.11249094 -134.78008605 -312.27704033 "18:31:15.69 +59:37:28.47" "18:31:53.74 +59:42:10.25" 403.15238349531546 0.5047255714766834
m190515_0032.fits 50.18013969 -89.77995245 -266.58610901 "18:31:15.69 +59:37:28.47" "18:32:08.84 +59:37:23.18" 403.1832324638557 0.6266464952776118
m190515_0033.fits 50.23984811 -44.77998744 -220.83988842 "18:31:15.69 +59:37:28.47" "18:31:52.82 +59:32:39.75" 403.5537219363676 0.5258607428024789
m190515_0034.fits 50.24515278 0.21989633 -175.05450329 "18:31:15.69 +59:37:28.47" "18:31:15.16 +59:30:44.78" 403.7008266587349 0.35035041781156906
m190515_0035.fits 50.18171955 45.21998917 -129.31227669 "18:31:15.69 +59:37:28.47" "18:30:37.80 +59:32:45.88" 403.3046769286538 0.23174781236750164
m190515_0036.fits 50.07444032 90.21988089 -83.64051709 "18:31:15.69 +59:37:28.47" "18:30:22.53 +59:37:31.88" 403.245697573192 0.17021776965242452
m190515_0037.fits 49.9716609 135.22000499 -38.00549874 "18:31:15.69 +59:37:28.47" "18:30:38.39 +59:42:15.89" 403.04702143098007 0.20385098976458949
m190515_0038.fits 49.91921427 180.21990231 7.59936729 "18:31:15.69 +59:37:28.47" "18:31:16.21 +59:44:11.56" 403.1115285705537 0.34579174689858405
m190515_0039.fits 60.1325831 180.21996618 1.82805172 "18:50:14.65 +49:33:42.29" "18:50:15.08 +49:40:25.77" 403.4992754789672 0.3730994764485729
m190515_0040.fits 60.14858744 135.21992764 -42.23850235 "18:50:14.65 +49:33:42.29" "18:49:45.67 +49:38:30.09" 402.7651051520582 0.34239007223180806
m190515_0041.fits 60.20702264 90.21994111 -86.31889519 "18:50:14.65 +49:33:42.29" "18:49:33.19 +49:33:45.64" 403.401856180694 0.19079856636011527
m190515_0042.fits 60.2706998 45.22013604 -130.65986714 "18:50:14.65 +49:33:42.29" "18:49:45.10 +49:28:59.44" 403.47419049836185 0.22235684612701334
m190515_0043.fits 60.28959592 0.22004188 -175.03948292 "18:50:14.65 +49:33:42.29" "18:50:14.26 +49:26:58.66" 403.65110168988883 0.32591560986051604
m190515_0044.fits 60.24056366 -44.78013707 -219.39314923 "18:50:14.65 +49:33:42.29" "18:50:43.64 +49:28:53.80" 403.5844398407455 0.4550804770886998
m190515_0045.fits 60.14002601 -89.77985164 -263.73362049 "18:50:14.65 +49:33:42.29" "18:50:56.13 +49:33:37.65" 403.5981823005561 0.5036157280119937
m190515_0046.fits 60.02609127 -134.78010423 -307.91903576 "18:50:14.65 +49:33:42.29" "18:50:44.31 +49:38:24.19" 403.22785790860513 0.47083783711667593
m190515_0047.fits 59.94778177 -179.77997313 -352.04960808 "18:50:14.65 +49:33:42.29" "18:50:15.08 +49:40:25.64" 403.3757100084381 0.37497953430846565
m190515_0048.fits 69.79709159 -179.78002669 -357.65545353 "19:05:40.38 +39:52:34.82" "19:05:40.74 +39:59:18.15" 403.35532269385754 0.36357905546219627
m190515_0049.fits 69.81800132 -134.78003691 -311.65268502 "19:05:40.38 +39:52:34.82" "19:06:05.41 +39:57:16.96" 403.17854000055655 0.40288751232708364
m190515_0050.fits 69.81400922 -134.78004779 -311.42529377 "19:05:40.38 +39:52:34.82" "19:06:05.42 +39:57:16.89" 403.1497760583399 0.41259085715932997
m190515_0051.fits 69.80996038 -134.78006192 -311.20361313 "19:05:40.38 +39:52:34.82" "19:06:05.41 +39:57:16.92" 403.09219451412247 0.39880017759304565
m190515_0052.fits 69.86748909 -89.78006402 -265.14448246 "19:05:40.38 +39:52:34.82" "19:06:15.42 +39:52:30.43" 403.43491763501265 0.4495968262740462
m190515_0053.fits 69.86164516 -89.78007533 -264.90562996 "19:05:40.38 +39:52:34.82" "19:06:15.41 +39:52:30.52" 403.21481251486466 0.43767928691028146
m190515_0054.fits 69.85564382 -89.78008404 -264.67195305 "19:05:40.38 +39:52:34.82" "19:06:15.41 +39:52:30.37" 403.3107220937294 0.4582438773010722
m190515_0055.fits 69.89744985 -44.78004649 -218.45839867 "19:05:40.38 +39:52:34.82" "19:06:04.88 +39:47:46.56" 403.41199626814984 0.418077572778941
m190515_0056.fits 69.88980725 -44.78009727 -218.22480473 "19:05:40.38 +39:52:34.82" "19:06:04.88 +39:47:46.54" 403.4063408557808 0.422925649712397
m190515_0057.fits 69.88167286 -44.78013002 -217.99208054 "19:05:40.38 +39:52:34.82" "19:06:04.87 +39:47:46.55" 403.3484059895281 0.4302735833858833
m190515_0058.fits 69.8556628 0.22000217 -171.56173786 "19:05:40.38 +39:52:34.82" "19:05:40.04 +39:45:51.44" 403.39860053803096 0.3305777527675957
m190515_0059.fits 69.84527752 0.21991602 -171.31830201 "19:05:40.38 +39:52:34.82" "19:05:40.05 +39:45:51.46" 403.3793658429673 0.32086437325369843
m190515_0060.fits 69.8353722 0.22002314 -171.09187493 "19:05:40.38 +39:52:34.82" "19:05:40.05 +39:45:51.53" 403.30629191011565 0.3279785741672754
m190515_0061.fits 69.72558274 45.21993332 -124.60747609 "19:05:40.38 +39:52:34.82" "19:05:15.40 +39:47:52.32" 403.2339912535133 0.27340905738137167
m190515_0062.fits 69.71310922 45.21992127 -124.37192807 "19:05:40.38 +39:52:34.82" "19:05:15.39 +39:47:52.25" 403.3507717106326 0.27545908319120826
m190515_0063.fits 69.70066834 45.2198802 -124.14239106 "19:05:40.38 +39:52:34.82" "19:05:15.39 +39:47:52.22" 403.3712647514924 0.2718528338952808
m190515_0064.fits 69.54131431 90.2198309 -77.8223637 "19:05:40.38 +39:52:34.82" "19:05:05.33 +39:52:38.37" 403.5191463642242 0.23735833916740035
m190515_0065.fits 69.52785268 90.21992526 -77.60619339 "19:05:40.38 +39:52:34.82" "19:05:05.32 +39:52:38.43" 403.62814604191334 0.24602209339826686
m190515_0066.fits 69.51342505 90.21991953 -77.37964043 "19:05:40.38 +39:52:34.82" "19:05:05.33 +39:52:38.32" 403.4742688227948 0.2311866829401481
m190515_0067.fits 69.32711447 135.22018939 -30.79907116 "19:05:40.38 +39:52:34.82" "19:05:15.83 +39:57:22.92" 403.46644161708485 0.31418830536674136
m190515_0068.fits 69.31069886 135.22018795 -30.57551655 "19:05:40.38 +39:52:34.82" "19:05:15.83 +39:57:22.49" 403.1862634084717 0.2668120655480948
m190515_0069.fits 69.29444241 135.220112 -30.35792145 "19:05:40.38 +39:52:34.82" "19:05:15.82 +39:57:22.71" 403.3903496721957 0.28343289320787335
m190515_0070.fits 69.20004175 180.2198695 15.51227584 "19:05:40.38 +39:52:34.82" "19:05:40.74 +39:59:17.98" 403.1860629796675 0.3757965365407472
m190515_0071.fits 69.18219617 180.21998923 15.73332992 "19:05:40.38 +39:52:34.82" "19:05:40.73 +39:59:18.18" 403.3820844641689 0.34908473480714974
m190515_0072.fits 69.16454589 180.21985924 15.94315448 "19:05:40.38 +39:52:34.82" "19:05:40.74 +39:59:18.01" 403.20972776896514 0.3659701667322679
m190515_0075.fits 79.77591587 180.21977701 3.32732502 "19:29:38.67 +29:52:28.33" "19:29:38.99 +29:59:11.56" 403.2509868585834 0.37414222810159004
m190515_0076.fits 79.74726497 135.21990094 -37.82003006 "19:29:38.67 +29:52:28.33" "19:29:16.95 +29:57:15.99" 403.1399948357813 0.2824664045186296
m190515_0077.fits 79.7560374 90.21978706 -80.04826817 "19:29:38.67 +29:52:28.33" "19:29:07.66 +29:52:31.99" 403.414848985123 0.2674902446034366
m190515_0078.fits 79.77363533 45.22001734 -123.05895027 "19:29:38.67 +29:52:28.33" "19:29:16.55 +29:47:45.84" 403.33963919008823 0.3002800608593361
m190515_0079.fits 79.73885679 0.22005429 -166.18690285 "19:29:38.67 +29:52:28.33" "19:29:38.38 +29:45:44.87" 403.4764682013059 0.31455722267207875
m190516_0007.fits 84.18535321 -179.78007467 -334.33872589 "15:54:44.84 +25:00:50.18" "15:54:45.12 +25:07:33.36" 403.20159680790584 0.31941841240296753
m190516_0008.fits 84.0171103 -134.77992837 -285.29799446 "15:54:44.84 +25:00:50.18" "15:55:06.05 +25:05:32.47" 403.4009743829634 0.3900403248180737
m190516_0009.fits 83.90855938 -89.77990884 -236.99105248 "15:54:44.84 +25:00:50.18" "15:55:14.53 +25:00:46.24" 403.6874036414551 0.3657849608437118
m190516_0010.fits 83.69556128 -44.77996598 -187.73765263 "15:54:44.84 +25:00:50.18" "15:55:05.63 +24:56:02.40" 403.3700549165282 0.3130346185147914
m190516_0011.fits 83.39520104 0.21996828 -138.88244709 "15:54:44.84 +25:00:50.18" "15:54:44.56 +24:54:06.71" 403.48176160019386 0.3127550896676041
m190516_0012.fits 83.07491195 45.2200122 -91.18597302 "15:54:44.84 +25:00:50.18" "15:54:23.69 +24:56:07.55" 403.2383764743669 0.2617907625056546
m190516_0013.fits 82.74282754 90.21993196 -44.24281201 "15:54:44.84 +25:00:50.18" "15:54:15.18 +25:00:53.82" 403.0981648557706 0.2709916787845259
m190516_0014.fits 82.4542335 135.21997652 2.17782035 "15:54:44.84 +25:00:50.18" "15:54:24.04 +25:05:37.92" 403.27302422194765 0.2830053104436274
m190516_0015.fits 82.21694377 180.22017735 48.64060131 "15:54:44.84 +25:00:50.18" "15:54:45.12 +25:07:33.38" 403.21552828029513 0.3195207997214311
m190516_0016.fits 74.73183059 180.22010043 1.51905838 "16:21:19.81 +35:01:19.21" "16:21:20.18 +35:08:01.83" 402.64345114357656 0.4137148567796203
m190516_0017.fits 74.74100595 135.2198317 -41.46168026 "16:21:19.81 +35:01:19.21" "16:20:56.83 +35:06:07.40" 403.3608409003596 0.35367627499798004
m190516_0018.fits 74.7829042 90.22008868 -84.53063282 "16:21:19.81 +35:01:19.21" "16:20:46.99 +35:01:22.80" 403.21887540169286 0.25126413012250737
m190516_0019.fits 74.83181475 45.21997853 -128.27605709 "16:21:19.81 +35:01:19.21" "16:20:56.42 +34:56:36.99" 402.8511824186373 0.28059982219261315
m190516_0020.fits 74.8360142 0.21996314 -172.18689427 "16:21:19.81 +35:01:19.21" "16:21:19.56 +34:54:35.32" 403.8980807698549 0.22503625062424248
m190516_0021.fits 74.76397997 -44.77989698 -215.94744763 "16:21:19.81 +35:01:19.21" "16:21:42.81 +34:56:30.96" 403.6480981943427 0.3770943117362435
m190516_0022.fits 74.63755799 -89.7800763 -259.71117672 "16:21:19.81 +35:01:19.21" "16:21:52.61 +35:01:14.69" 402.8926532809305 0.4613814101803655
m190516_0023.fits 74.49288493 -134.77995302 -303.30572495 "16:21:19.81 +35:01:19.21" "16:21:43.29 +35:06:01.30" 403.3513489847563 0.43187515548777355
m190516_0024.fits 74.37602709 -179.78013114 -346.77867398 "16:21:19.81 +35:01:19.21" "16:21:20.17 +35:08:01.79" 402.6038879910831 0.4059199664077937
m190516_0027.fits 65.20651824 -179.77982096 -358.83761105 "16:37:38.85 +44:33:04.59" "16:37:39.22 +44:39:48.16" 403.5902020394713 0.33148178025044217
m190516_0028.fits 65.23545475 -134.78001819 -313.14284882 "16:37:38.85 +44:33:04.59" "16:38:05.87 +44:37:46.09" 403.1299066432338 0.5289501723392505
m190516_0029.fits 65.30549669 -89.77998215 -267.34975323 "16:37:38.85 +44:33:04.59" "16:38:16.62 +44:32:59.61" 403.7691543976082 0.5407380716555963
m190516_0030.fits 65.36727793 -44.78016516 -221.43759045 "16:37:38.85 +44:33:04.59" "16:38:05.24 +44:28:16.15" 403.54304286238744 0.44296947702582656
m190516_0031.fits 65.37294408 0.21994057 -175.40914997 "16:37:38.85 +44:33:04.59" "16:37:38.47 +44:26:21.11" 403.4935823144513 0.3610408329135453
m190516_0032.fits 65.30728354 45.22001014 -129.40462765 "16:37:38.85 +44:33:04.59" "16:37:11.98 +44:28:22.15" 402.9419921225176 0.23889629979220217
m190516_0033.fits 65.19634921 90.21988851 -83.53916821 "16:37:38.85 +44:33:04.59" "16:37:01.17 +44:33:08.04" 402.772960447281 0.2160143618730217
m190516_0034.fits 65.09022266 135.21986454 -37.79975399 "16:37:38.85 +44:33:04.59" "16:37:12.38 +44:37:52.53" 403.5413388059078 0.2651903482378657
m190516_0035.fits 65.03408778 180.21997629 7.85647026 "16:37:38.85 +44:33:04.59" "16:37:39.21 +44:39:48.27" 403.70099711526996 0.32666199383015737
m190516_0037.fits 54.95138755 180.22013622 2.07777324 "16:49:39.35 +54:48:07.68" "16:49:39.82 +54:54:50.84" 403.18470475922436 0.35936796340425303
m190516_0038.fits 54.96258362 135.21995242 -41.87391934 "16:49:39.35 +54:48:07.68" "16:49:06.66 +54:52:55.25" 403.0157292171399 0.2484800335843147
m190516_0039.fits 55.02486461 90.21994696 -86.2158812 "16:49:39.35 +54:48:07.68" "16:48:52.70 +54:48:10.70" 403.34113504697217 0.13044453491897912
m190516_0040.fits 55.0904152 45.21991909 -130.65279183 "16:49:39.35 +54:48:07.68" "16:49:06.06 +54:43:24.84" 403.70704627688997 0.24878756550640446
m190516_0041.fits 55.11295626 0.21994515 -175.1464766 "16:49:39.35 +54:48:07.68" "16:49:38.88 +54:41:23.71" 403.98906557310266 0.3592061913407463
m190516_0042.fits 55.06962053 -44.78005219 -219.65779957 "16:49:39.35 +54:48:07.68" "16:50:11.94 +54:43:18.78" 403.7788319535411 0.5179282231006823
m190516_0043.fits 54.97386948 -89.78008634 -264.10197148 "16:49:39.35 +54:48:07.68" "16:50:26.01 +54:48:02.06" 403.4564607004027 0.6569828494544936
m190516_0044.fits 54.86773504 -134.78008692 -308.45692238 "16:49:39.35 +54:48:07.68" "16:50:12.73 +54:52:49.45" 403.1378684678864 0.4942138033600827
m190516_0045.fits 54.79753131 -179.78008377 -352.73041424 "16:49:39.35 +54:48:07.68" "16:49:39.83 +54:54:50.76" 403.10120004211285 0.3655249157823164
m190516_0047.fits 45.18339218 -179.77981595 -358.00669274 "17:04:43.95 +64:34:37.47" "17:04:44.62 +64:41:20.24" 402.7862369633363 0.39160750460234794
m190516_0048.fits 45.21424563 -134.78002935 -312.58266053 "17:04:43.95 +64:34:37.47" "17:05:28.80 +64:39:19.36" 403.2712182353876 0.5183729601341156
m190516_0049.fits 45.28765837 -89.78000231 -267.10607418 "17:04:43.95 +64:34:37.47" "17:05:46.62 +64:34:32.49" 403.5772349951 0.606160688407499
